1 
1040.00 	   0.00 	  40.00 	   0.00 	  10.00 	   1.00 	   0.00 	 1 
2000.00 	   0.00 	  40.00 	   0.00 	  10.00 	   1.00 	   0.00 	 1 
3040.00 	   0.00 	  40.00 	   0.00 	  10.00 	   1.00 	   0.00 	 1 
4000.00 	   0.00 	  40.00 	   0.00 	  10.00 	   1.00 	   0.00 	 1 
5120.00 	   0.00 	  40.00 	   0.00 	  10.00 	   1.00 	   0.00 	 1 
6080.00 	   0.00 	  40.00 	   0.00 	  10.00 	   1.00 	   0.00 	 1 
6960.00 	   0.00 	  40.00 	   0.00 	  10.00 	   1.00 	   0.00 	 1 
8000.00 	   0.00 	  40.00 	   0.00 	  10.00 	   1.00 	   0.00 	 1 
8720.00 	   0.00 	  40.00 	   0.00 	  10.00 	   1.00 	   0.00 	 1
